trip_id,route_id,direction_id
5838886-22_R_95_2204_15:10-PROJET2025-22-Semaine-20,22,1
6413115-38_R_99_3803_15:47-SETP2025-38-Semaine-41,38,1
6170415-L2_R_98__14:42-JANV2025-L2-Semaine-09,L2,1
6261664-73_R_95_7302_16:05-PROJET2025-73-Semaine-16,73,1
6327137-17_A_50_1704_15:22-SETP2025-17-L-Ma-J-V-35,17,0
4523344-88_A_50_8801_14:15-RESEAU2023-88-Semaine-83-1101100,88,0
4350595-40_R_99_4001_16:10-RESEAU2023-40-Semaine-04,40,1
6409617-57_R_99_5710_14:10-SETP2025-57-Semaine-06,57,
6446521-05_A_99_0501_14:43-SETP2025-05-L-Ma-J-V-38,05,
5408571-82_A_50_8201_16:10-PROJET2024-82-Semaine-93,82,0
6257283-59_A_45_5901_15:14-PROJET2025-59-Semaine-26,59,0
6369759-42_R_95_4201_15:24-PROJET2025-42-Semaine-83,42,1
5673240-NVN1_A_48_NVN101_14:15-PROJET2024-NVence1-Semaine-15,NVN1,
5422157-75_R_97_7501_16:30-PROJET2024-75-Semaine-86-1101100,75,1
6429283-15_R_99_1502_15:28-SETP2025-15-Semaine-11,15,1
6077773-58_R_99_5802_15:02-PROJET2025-58-Semaine-06,58,1
6368868-09_R_99_0904_13:55-PROJET2025-09-Semaine-35,09,
6411449-70_A_50_7002_16:30-SETP2025-70-Semaine-35,70,0
6253043-14_R_99_1407_14:13-SETP2025-14-L-Ma-J-V-38,14,
6413112-38_R_99_3801_15:24-SETP2025-38-Semaine-41,38,1
6170367-L2_A_49__14:19-JANV2025-L2-Semaine-09,L2,0
4759140-47_A_50_4702_15:18-PROJET2023-47-Semaine-10,47,0
6253089-14_A_50_1402_15:29-SETP2025-14-L-Ma-J-V-38,14,0
6412287-71_A_50_7101_15:00-PROJET2025-71-Semaine-80,71,0
4759153-47_R_99_4701_19:11-PROJET2023-47-Semaine-10,47,1
6414290-07_R_97_0706_14:44-SETP2025-07-L-Ma-J-V-41,07,
5925321-54_A_50_5403_14:24-PROJET2025-54-Semaine-17,54,
6416311-51_A_49_5104_16:06-PROJET2025-51-Semaine-10,51,0
4350596-40_A_50_4001_14:53-RESEAU2023-40-Semaine-04,40,0
6253034-14_A_50_1408_16:26-SETP2025-14-L-Ma-J-V-38,14,0
6446528-05_R_49_0504_14:56-SETP2025-05-L-Ma-J-V-38,05,1
6416007-21_A_50_2102_15:42-SETP2025-21-Semaine-40,21,0
6446550-05_R_49_0506_15:14-SETP2025-05-L-Ma-J-V-38,05,1
6446584-05_R_50_0505_15:45-SETP2025-05-L-Ma-J-V-38,05,1
6420009-35_R_99_3504_16:24-SETP2025-35-Semaine-35,35,1
4759154-47_A_50_4702_17:15-PROJET2023-47-Semaine-10,47,0
6327139-17_A_50_1705_15:09-SETP2025-17-L-Ma-J-V-35,17,0
6077793-58_R_99_5801_15:39-PROJET2025-58-Semaine-06,58,1
6327133-17_A_50_1701_14:17-SETP2025-17-L-Ma-J-V-35,17,
6105152-76_R_97_7602_17:30-PROJET2025-76-Semaine-89,76,1
6005379-B_A_50_VTB04_14:40-JANV2025-B-Semaine-03,B,0
5909231-NVN3_A_90_NVN301_14:35-PROJET2025-NVence3-Semaine-12,NVN3,
6365967-20_A_50_2005_14:28-SETP2025-20-Semaine-42,20,
4603459-83_R_1_8301_16:45-RESEAU2023-83-Semaine-03,83,1
6420012-35_A_50_3504_15:17-SETP2025-35-Semaine-35,35,0
5340999-72_R_98_7201_15:00-PROJET2024-72-Semaine-74,72,1
6409620-57_R_99_5708_14:55-SETP2025-57-Semaine-06,57,1
6424172-16_A_50_1603_15:23-SETP2025-16-Semaine-35,16,0
6355839-18_A_50_1802_15:43-SETP2025-18-Semaine-39,18,0
4350597-40_A_50_4001_15:23-RESEAU2023-40-Semaine-04,40,0
6077796-58_A_49_5801_17:50-PROJET2025-58-Semaine-06,58,0
6428103-98_A_50_9805_15:18-SETP2025-98-Semaine-08,98,0
6355796-18_R_99_1803_15:10-SETP2025-18-Semaine-39,18,1
6253001-14_R_99_1405_14:58-SETP2025-14-L-Ma-J-V-38,14,1
6416306-51_R_98_5105_16:04-PROJET2025-51-Semaine-10,51,1
6327134-17_A_50_1702_14:30-SETP2025-17-L-Ma-J-V-35,17,
6257328-59_A_48_5902_14:26-PROJET2025-59-Semaine-26,59,0
4542753-44_R_99_4401_15:03-RESEAU2023-44-Semaine-89,44,1
6429230-15_R_99_1503_15:52-SETP2025-15-Semaine-11,15,1
5909232-NVN3_A_90_NVN301_15:10-PROJET2025-NVence3-Semaine-12,NVN3,0
6428450-61_R_99_6104_15:40-PROJET2025-61-Semaine-24,61,1
6420006-35_R_99_3501_14:45-SETP2025-35-Semaine-35,35,
6365969-20_A_50_2007_14:15-SETP2025-20-Semaine-42,20,
6140113-41_A_5_4102_14:25-PROJET2025-41-Semaine-05,41,0
6252966-14_R_99_1408_14:25-SETP2025-14-L-Ma-J-V-38,14,
6252967-14_R_99_1404_15:53-SETP2025-14-L-Ma-J-V-38,14,1
6252450-11_R_98_1107_16:01-SETP2025-11-Semaine-37,11,1
6077792-58_A_50_5801_15:01-PROJET2025-58-Semaine-06,58,0
5838471-52_A_6_5202_15:00-PROJET2025-52-Semaine-20,52,0
6327214-17_R_99_1702_15:07-SETP2025-17-L-Ma-J-V-35,17,1
6411445-70_A_50_7002_14:30-SETP2025-70-Semaine-35,70,
6170600-L3_A_48__14:15-JANV2025-L3-Semaine-09,L3,0
6428347-60_R_99_6003_14:20-PROJET2025-60-Semaine-08,chouette:Line:4a8dc505-72e7-4b72-b186-a5b46e94fb82:LOC,
6409622-57_R_99_5706_15:25-SETP2025-57-Semaine-06,57,1
6368891-09_A_49_0903_16:00-PROJET2025-09-Semaine-35,09,0
6429254-15_A_50_1501_15:54-SETP2025-15-Semaine-11,15,0
6416440-33_A_50_3303_15:18-SETP2025-33-L-Ma-J-V-36,33,0
6452747-T1_A_12_VT107_14:31-SETP2025-L1-Semaine-04,L1,0
6253072-14_R_99_1402_16:05-SETP2025-14-L-Ma-J-V-38,14,1
6420011-35_A_50_3503_16:23-SETP2025-35-Semaine-35,35,0
6355840-18_A_50_1803_16:02-SETP2025-18-Semaine-39,18,0
6140121-41_A_6_4101_14:54-PROJET2025-41-Semaine-05,41,0
6414788-34_A_21_3401_14:53-PROJET2025-34-L-Ma-J-V-20,34,0
4669811-62_R_98_6201_16:12-RESEAU2023-62-Semaine-17,62,1
6257331-59_R_98_5903_16:32-PROJET2025-59-Semaine-26,59,1
6472687-50_A_50_5003_14:48-PROJET2025-50-Semaine-08,50,0
6412291-71_A_50_7102_16:00-PROJET2025-71-Semaine-80,71,0
4759155-47_A_50_4701_18:15-PROJET2023-47-Semaine-10,47,0
6422649-99_A_50_9902_16:22-SETP2025-99-Semaine-11,99,0
6409588-57_A_50_5708_13:45-SETP2025-57-Semaine-06,57,
6327142-17_A_50_1705_16:28-SETP2025-17-L-Ma-J-V-35,17,0
6414260-07_A_49_0708_14:06-SETP2025-07-L-Ma-J-V-41,07,
6355794-18_R_99_1805_14:34-SETP2025-18-Semaine-39,18,
6252496-11_A_49_1101_15:34-SETP2025-11-Semaine-37,11,0
5759390-NVN2_A_50_NVN201_14:20-PROJET2024-NVence2-Semaine-12,NVN2,
4669810-62_A_48_6203_16:00-RESEAU2023-62-Semaine-17,62,0
6369712-30_R_99_3002_16:04-SETP2025-30-Semaine-32,30,1
6412290-71_R_99_7102_14:57-PROJET2025-71-Semaine-80,71,1
4759149-47_R_99_4702_14:27-PROJET2023-47-Semaine-10,47,1
6355793-18_R_99_1804_14:16-SETP2025-18-Semaine-39,18,
6140099-41_R_98_4101_14:19-PROJET2025-41-Semaine-05,41,
6472710-50_R_99_5002_15:45-PROJET2025-50-Semaine-08,50,1
6419999-35_A_50_3503_14:11-SETP2025-35-Semaine-35,35,
6327208-17_R_99_1705_15:45-SETP2025-17-L-Ma-J-V-35,17,1
6414289-07_R_97_0702_14:36-SETP2025-07-L-Ma-J-V-41,07,
6414262-07_A_49_0703_14:22-SETP2025-07-L-Ma-J-V-41,07,
6261661-73_R_95_7302_17:52-PROJET2025-73-Semaine-16,73,1
6102499-63_A_48_6303_14:10-PROJET2025-63-Semaine-72-1101100,63,
4515187-80_A_43_8001_16:10-RESEAU2023-80-Semaine-94,80,0
6424102-16_A_50_1604_14:42-SETP2025-16-Semaine-35,16,
6409621-57_R_99_5714_15:10-SETP2025-57-Semaine-06,57,1
6412111-37_R_99_3701_16:36-SETP2025-37-Semaine-37,37,1
6403262-36_R_99_3604_15:40-SETP2025-36-Semaine-33,36,1
6472711-50_A_50_5002_16:25-PROJET2025-50-Semaine-08,50,0
4523353-88_R_98_8801_16:50-RESEAU2023-88-Semaine-83-1101100,88,1
6462534-31_A_47_3102_15:27-PROJET2025-31-Semaine-08,31,0
6253094-14_R_99_1408_15:42-SETP2025-14-L-Ma-J-V-38,14,1
6429326-15_R_99_1507_15:16-SETP2025-15-Semaine-11,15,1
6102463-63_R_98_6303_15:00-PROJET2025-63-Semaine-72-1101100,63,1
6428451-61_R_99_6101_16:00-PROJET2025-61-Semaine-24,61,1
4515176-80_R_95_8001_18:43-RESEAU2023-80-Semaine-94,80,1
6369768-42_A_6_4201_16:24-PROJET2025-42-Semaine-83,42,0
6018939-55_R_98_5502_17:50-PROJET2025-55-Semaine-08,55,1
6402538-32_R_97_3202_15:01-SETP2025-32-Semaine-34,32,1
6452929-T1_R_57_VT117_14:26-SETP2025-L1-Semaine-04,L1,1
6365966-20_A_50_2007_15:33-SETP2025-20-Semaine-42,20,0
6420010-35_A_50_3501_15:50-SETP2025-35-Semaine-35,35,0
6366084-20_A_50_2003_16:12-SETP2025-20-Semaine-42,20,0
6414770-34_A_25_3401_15:51-PROJET2025-34-L-Ma-J-V-20,34,0
6428455-61_R_99_6105_15:00-PROJET2025-61-Semaine-24,61,1
4669819-62_R_99_6202_14:51-RESEAU2023-62-Semaine-17,62,
6253044-14_R_99_1407_15:31-SETP2025-14-L-Ma-J-V-38,14,1
6414785-34_R_24_3401_14:25-PROJET2025-34-L-Ma-J-V-20,34,
4542754-44_R_99_4401_15:48-RESEAU2023-44-Semaine-89,44,1
6429260-15_R_99_1506_14:04-SETP2025-15-Semaine-11,15,
6369767-42_A_6_4202_17:15-PROJET2025-42-Semaine-83,42,0
6446534-05_R_50_0503_15:09-SETP2025-05-L-Ma-J-V-38,05,1
6365950-20_A_50_2002_15:20-SETP2025-20-Semaine-42,20,0
6402537-32_A_48_3202_15:19-SETP2025-32-Semaine-34,32,0
5340971-72_A_50_7201_15:50-PROJET2024-72-Semaine-74,72,0
6420777-81_R_98_8102_15:20-SETP2025-81-Semaine-40,81,1
6409625-57_A_50_5708_16:06-SETP2025-57-Semaine-06,57,0
6077776-58_A_49_5802_17:06-PROJET2025-58-Semaine-06,58,0
6452812-T1_A_12_VT108_14:35-SETP2025-L1-Semaine-04,L1,0
4759139-47_A_50_4701_14:23-PROJET2023-47-Semaine-10,47,
6018959-55_A_48_5502_12:29-PROJET2025-55-Semaine-08,55,0
6429329-15_A_50_1502_14:42-SETP2025-15-Semaine-11,15,
6257314-59_R_98_5903_14:32-PROJET2025-59-Semaine-26,59,
6446507-05_A_98_0509_14:03-SETP2025-05-L-Ma-J-V-38,05,
5925332-54_A_47_5402_17:06-PROJET2025-54-Semaine-17,54,0
6416359-51_R_98_5101_14:34-PROJET2025-51-Semaine-10,51,
6420122-85_R_94_8501_15:15-PROJET2025-85-Semaine-06-1101100,85,1
6327184-17_R_99_1704_16:01-SETP2025-17-L-Ma-J-V-35,17,1
6365957-20_A_50_2001_15:59-SETP2025-20-Semaine-42,20,0
6257299-59_R_98_5901_16:08-PROJET2025-59-Semaine-26,59,1
6170403-L2_A_49__14:11-JANV2025-L2-Semaine-09,L2,0
6410648-64_A_50_6401_16:45-SETP2025-64-Semaine-37,64,0
6428439-61_A_50_6104_14:50-PROJET2025-61-Semaine-24,61,
5408574-82_R_99_8201_15:05-PROJET2024-82-Semaine-93,82,1
6410639-64_R_99_6403_15:32-SETP2025-64-Semaine-37,64,1
5097936-69_R_90_6901_14:25-PROJET2023-69-Semaine-15,69,
6412295-71_R_99_7102_16:18-PROJET2025-71-Semaine-80,71,1
5408562-82_R_99_8203_15:50-PROJET2024-82-Semaine-93,82,1
5340998-72_R_98_7201_14:35-PROJET2024-72-Semaine-74,72,1
6452930-T1_R_57_VT120_14:38-SETP2025-L1-Semaine-04,L1,1
6422645-99_A_50_9902_15:18-SETP2025-99-Semaine-11,99,0
6368870-09_R_99_0905_14:55-PROJET2025-09-Semaine-35,09,1
6414309-07_R_97_0704_15:47-SETP2025-07-L-Ma-J-V-41,07,1
6414312-07_R_97_0706_16:14-SETP2025-07-L-Ma-J-V-41,07,1
6261675-73_A_1_7302_13:43-PROJET2025-73-Semaine-16,73,
6446525-05_A_98_0504_14:19-SETP2025-05-L-Ma-J-V-38,05,
6402539-32_R_97_3202_16:13-SETP2025-32-Semaine-34,32,1
6170409-L2_R_98__14:27-JANV2025-L2-Semaine-09,L2,1
6252446-11_R_98_1101_14:49-SETP2025-11-Semaine-37,11,1
6102500-63_A_48_6304_14:30-PROJET2025-63-Semaine-72-1101100,63,
5925330-54_A_47_5401_14:58-PROJET2025-54-Semaine-17,54,0
6409638-57_R_99_5713_16:06-SETP2025-57-Semaine-06,57,1
6366076-20_R_99_2005_16:27-SETP2025-20-Semaine-42,20,1
5925323-54_A_50_5401_16:34-PROJET2025-54-Semaine-17,54,0
6452745-T1_A_12_VT102_14:12-SETP2025-L1-Semaine-04,L1,0
6420004-35_R_99_3502_13:39-SETP2025-35-Semaine-35,35,
6428452-61_A_50_6103_15:30-PROJET2025-61-Semaine-24,61,0
6416474-33_R_99_3302_14:48-SETP2025-33-L-Ma-J-V-36,33,1
4542699-44_A_50_4401_15:40-RESEAU2023-44-Semaine-89,44,0
6414291-07_R_97_0711_14:52-SETP2025-07-L-Ma-J-V-41,07,
6428440-61_R_99_6101_14:20-PROJET2025-61-Semaine-24,61,
6170427-L2_A_49__14:35-JANV2025-L2-Semaine-09,L2,0
5340968-72_A_50_7201_14:30-PROJET2024-72-Semaine-74,72,0
6170659-L3_R_97__14:46-JANV2025-L3-Semaine-09,L3,1
6252445-11_R_97_1104_14:37-SETP2025-11-Semaine-37,11,
4350598-40_A_50_4001_15:53-RESEAU2023-40-Semaine-04,40,0
6365958-20_A_50_2001_14:41-SETP2025-20-Semaine-42,20,
6327185-17_A_50_1707_14:43-SETP2025-17-L-Ma-J-V-35,17,
5422171-75_A_49_7501_17:17-PROJET2024-75-Semaine-86-1101100,75,0
5759392-NVN2_A_50_NVN201_15:40-PROJET2024-NVence2-Semaine-12,NVN2,0
6369761-42_R_94_4203_16:40-PROJET2025-42-Semaine-83,42,1
6410634-64_A_50_6402_14:15-SETP2025-64-Semaine-37,64,
6368888-09_R_98_0902_14:10-PROJET2025-09-Semaine-35,09,
6446591-05_R_49_0504_16:07-SETP2025-05-L-Ma-J-V-38,05,1
6170728-L3_A_48__14:07-JANV2025-L3-Semaine-09,L3,0
6257315-59_A_45_5905_16:02-PROJET2025-59-Semaine-26,59,0
6403275-36_A_49_3603_14:38-SETP2025-36-Semaine-33,36,0
4350592-40_R_99_4001_14:40-RESEAU2023-40-Semaine-04,40,
6429218-15_R_99_1504_16:16-SETP2025-15-Semaine-11,15,1
5422170-75_A_49_7501_15:55-PROJET2024-75-Semaine-86-1101100,75,0
4542697-44_A_50_4401_15:10-RESEAU2023-44-Semaine-89,44,0
5097935-69_A_40_6901_15:25-PROJET2023-69-Semaine-15,69,0
6446518-05_R_49_0507_14:21-SETP2025-05-L-Ma-J-V-38,05,
6428104-98_A_50_9803_15:52-SETP2025-98-Semaine-08,98,0
5838888-22_R_95_2207_16:10-PROJET2025-22-Semaine-20,22,1
6355792-18_R_99_1807_13:59-SETP2025-18-Semaine-39,18,
6077791-58_R_99_5801_14:21-PROJET2025-58-Semaine-06,58,
5408583-82_R_99_8202_16:40-PROJET2024-82-Semaine-93,82,1
6018945-55_A_48_5502_18:40-PROJET2025-55-Semaine-08,55,0
6140091-41_R_99_4102_14:59-PROJET2025-41-Semaine-05,41,1
6005512-B_R_99_VTB01_14:46-JANV2025-B-Semaine-03,B,1
6369770-42_A_5_4202_15:11-PROJET2025-42-Semaine-83,42,0
6327141-17_A_50_1703_16:14-SETP2025-17-L-Ma-J-V-35,17,0
6102501-63_A_48_6305_14:50-PROJET2025-63-Semaine-72-1101100,63,0
6368790-09_R_98_0907_16:40-PROJET2025-09-Semaine-35,09,1
6452872-T1_A_12_VT109_14:39-SETP2025-L1-Semaine-04,L1,0
6416304-51_R_98_5104_14:16-PROJET2025-51-Semaine-10,51,
6368892-09_R_98_0908_15:40-PROJET2025-09-Semaine-35,09,1
6355833-18_A_50_1802_13:59-SETP2025-18-Semaine-39,18,
6452691-T1_R_57_VT111_14:02-SETP2025-L1-Semaine-04,L1,1
6414315-07_A_49_0702_15:11-SETP2025-07-L-Ma-J-V-41,07,0
6420778-81_R_98_8103_15:38-SETP2025-81-Semaine-40,81,1
6102466-63_R_98_6302_16:00-PROJET2025-63-Semaine-72-1101100,63,1
6416316-51_R_98_5103_15:08-PROJET2025-51-Semaine-10,51,1
6252443-11_R_98_1103_14:13-SETP2025-11-Semaine-37,11,
5097925-69_R_95_6901_16:10-PROJET2023-69-Semaine-15,69,1
6252489-11_A_49_1108_14:10-SETP2025-11-Semaine-37,11,
6446579-05_A_98_0504_15:27-SETP2025-05-L-Ma-J-V-38,05,0
6413117-38_A_50_3803_14:47-SETP2025-38-Semaine-41,38,0
4603456-83_A_46_8302_15:40-RESEAU2023-83-Semaine-03,83,0
6462573-31_A_47_3102_16:17-PROJET2025-31-Semaine-08,31,0
6429223-15_A_50_1501_14:18-SETP2025-15-Semaine-11,15,
6452813-T1_A_12_VT111_14:47-SETP2025-L1-Semaine-04,L1,0
4759157-47_R_99_4702_18:16-PROJET2023-47-Semaine-10,47,1
6414303-07_R_97_0708_15:00-SETP2025-07-L-Ma-J-V-41,07,1
6429224-15_A_50_1508_15:18-SETP2025-15-Semaine-11,15,0
6252497-11_A_49_1108_15:46-SETP2025-11-Semaine-37,11,0
6414320-07_A_49_0703_15:53-SETP2025-07-L-Ma-J-V-41,07,0
6218521-84_A_50_8401_14:20-PROJET2025-84-Semaine-04,84,
6140092-41_R_99_4101_16:41-PROJET2025-41-Semaine-05,41,1
6414301-07_R_97_0708_16:32-SETP2025-07-L-Ma-J-V-41,07,1
6420776-81_R_98_8101_14:55-SETP2025-81-Semaine-40,81,1
6414292-07_A_49_0701_14:38-SETP2025-07-L-Ma-J-V-41,07,0
4603452-83_A_46_8302_14:25-RESEAU2023-83-Semaine-03,83,0
5909233-NVN3_A_90_NVN301_15:45-PROJET2025-NVence3-Semaine-12,NVN3,0
6413114-38_R_99_3804_14:38-SETP2025-38-Semaine-41,38,1
6472665-50_R_99_5001_14:59-PROJET2025-50-Semaine-08,50,1
5925324-54_A_50_5403_17:43-PROJET2025-54-Semaine-17,54,0
6261685-73_R_95_7302_14:30-PROJET2025-73-Semaine-16,73,
6018958-55_R_98_5502_13:11-PROJET2025-55-Semaine-08,55,1
6369707-30_R_99_3001_15:42-SETP2025-30-Semaine-32,30,1
5673222-NVN1_R_98_NVN102_16:20-PROJET2024-NVence1-Semaine-15,NVN1,1
5838462-52_R_5_5202_16:04-PROJET2025-52-Semaine-20,52,1
6170589-L3_A_48__14:23-JANV2025-L3-Semaine-09,L3,0
6412283-71_A_50_7101_15:40-PROJET2025-71-Semaine-80,71,0
6420112-85_A_48_8501_17:10-PROJET2025-85-Semaine-06-1101100,85,0
6429300-15_R_99_1503_14:16-SETP2025-15-Semaine-11,15,
5340970-72_A_50_7201_15:20-PROJET2024-72-Semaine-74,72,0
6410636-64_A_50_6403_14:45-SETP2025-64-Semaine-37,64,
6369757-42_R_95_4202_14:14-PROJET2025-42-Semaine-83,42,
6170668-L3_A_48__14:38-JANV2025-L3-Semaine-09,L3,0
6428456-61_A_50_6102_16:10-PROJET2025-61-Semaine-24,61,0
6472688-50_R_99_5003_15:22-PROJET2025-50-Semaine-08,50,1
6411446-70_A_50_7001_15:00-SETP2025-70-Semaine-35,70,0
6253033-14_A_50_1407_14:56-SETP2025-14-L-Ma-J-V-38,14,0
5203710-68_R_99_6803_14:20-PROJET2024-68-Semaine-15,68,
5925303-54_R_99_5401_14:10-PROJET2025-54-Semaine-17,54,
6261682-73_A_1_7302_15:15-PROJET2025-73-Semaine-16,73,0
6355795-18_R_99_1802_14:52-SETP2025-18-Semaine-39,18,1
6429330-15_A_50_1504_15:30-SETP2025-15-Semaine-11,15,0
6414306-07_R_97_0709_15:23-SETP2025-07-L-Ma-J-V-41,07,1
6446560-05_R_49_0507_15:32-SETP2025-05-L-Ma-J-V-38,05,1
5838885-22_R_95_2207_14:40-PROJET2025-22-Semaine-20,22,
6170430-L2_R_98__14:19-JANV2025-L2-Semaine-09,L2,1
6446575-05_A_98_0502_16:21-SETP2025-05-L-Ma-J-V-38,05,0
6428348-60_A_50_6003_14:50-PROJET2025-60-Semaine-08,chouette:Line:4a8dc505-72e7-4b72-b186-a5b46e94fb82:LOC,
6416296-51_A_49_5103_14:35-PROJET2025-51-Semaine-10,51,
6252449-11_R_98_1106_15:25-SETP2025-11-Semaine-37,11,1
5673244-NVN1_A_48_NVN101_16:20-PROJET2024-NVence1-Semaine-15,NVN1,0
6462574-31_R_97_3101_16:17-PROJET2025-31-Semaine-08,31,1
6452701-T1_R_57_VT116_14:22-SETP2025-L1-Semaine-04,L1,1
6422643-99_A_50_9902_14:46-SETP2025-99-Semaine-11,99,0
6413144-38_A_50_3804_15:09-SETP2025-38-Semaine-41,38,0
6402533-32_R_97_3201_14:46-SETP2025-32-Semaine-34,32,1
6368813-09_R_98_0903_15:10-PROJET2025-09-Semaine-35,09,1
6424145-16_R_97_1604_16:07-SETP2025-16-Semaine-35,16,1
6428453-61_R_99_6103_16:20-PROJET2025-61-Semaine-24,61,1
6414293-07_A_49_0707_14:46-SETP2025-07-L-Ma-J-V-41,07,0
6411418-70_R_99_7001_14:30-SETP2025-70-Semaine-35,70,
6452746-T1_A_12_VT105_14:23-SETP2025-L1-Semaine-04,L1,0
6452873-T1_A_12_VT112_14:51-SETP2025-L1-Semaine-04,L1,0
6416358-51_A_49_5101_15:11-PROJET2025-51-Semaine-10,51,0
6369704-30_R_99_3001_14:36-SETP2025-30-Semaine-32,30,
6412272-71_A_50_7101_13:00-PROJET2025-71-Semaine-80,71,0
6429331-15_R_99_1505_16:28-SETP2025-15-Semaine-11,15,1
6413107-38_R_99_3805_16:10-SETP2025-38-Semaine-41,38,1
5097933-69_A_46_6901_16:40-PROJET2023-69-Semaine-15,69,0
5925341-54_A_47_5403_19:19-PROJET2025-54-Semaine-17,54,0
6424142-16_R_97_1604_15:11-SETP2025-16-Semaine-35,16,1
6412128-37_A_50_3702_14:21-SETP2025-37-Semaine-37,37,
4523352-88_R_99_8801_15:00-RESEAU2023-88-Semaine-83-1101100,88,1
6428922-CE_R_99_CE02_16:40-SETP2025-CE-Semaine-32,CE,1
6446533-05_R_50_0508_14:51-SETP2025-05-L-Ma-J-V-38,05,1
6414313-07_A_49_0707_16:17-SETP2025-07-L-Ma-J-V-41,07,0
6472666-50_A_50_5001_15:35-PROJET2025-50-Semaine-08,50,0
6218536-84_A_46_8403_16:20-PROJET2025-84-Semaine-04,84,0
6428324-60_R_99_6002_16:00-PROJET2025-60-Semaine-08,chouette:Line:4a8dc505-72e7-4b72-b186-a5b46e94fb82:LOC,1
6420007-35_R_99_3502_15:51-SETP2025-35-Semaine-35,35,
6369760-42_R_94_4202_16:10-PROJET2025-42-Semaine-83,42,1
6416478-33_R_99_3302_16:15-SETP2025-33-L-Ma-J-V-36,33,1
6409592-57_A_50_5705_14:42-SETP2025-57-Semaine-06,57,
6428349-60_R_99_6003_15:20-PROJET2025-60-Semaine-08,chouette:Line:4a8dc505-72e7-4b72-b186-a5b46e94fb82:LOC,1
6428292-60_A_50_6002_14:30-PROJET2025-60-Semaine-08,chouette:Line:4a8dc505-72e7-4b72-b186-a5b46e94fb82:LOC,
6416437-33_A_50_3302_14:06-SETP2025-33-L-Ma-J-V-36,33,
4542700-44_A_50_4401_16:05-RESEAU2023-44-Semaine-89,44,0
6402550-32_A_48_3201_14:34-SETP2025-32-Semaine-34,32,
6140114-41_A_5_4101_16:06-PROJET2025-41-Semaine-05,41,0
6429327-15_R_99_1506_15:40-SETP2025-15-Semaine-11,15,1
6252954-14_R_99_1406_15:20-SETP2025-14-L-Ma-J-V-38,14,1
6140115-41_A_5_4102_16:42-PROJET2025-41-Semaine-05,41,0
6416438-33_A_50_3305_14:42-SETP2025-33-L-Ma-J-V-36,33,
6416068-21_A_50_2106_16:04-SETP2025-21-Semaine-40,21,0
6452700-T1_R_57_VT119_14:34-SETP2025-L1-Semaine-04,L1,1
6261663-73_R_95_7301_15:10-PROJET2025-73-Semaine-16,73,1
6414307-07_R_97_0701_15:31-SETP2025-07-L-Ma-J-V-41,07,1
4515188-80_R_98_8001_16:20-RESEAU2023-80-Semaine-94,80,1
5408555-82_A_50_8203_17:05-PROJET2024-82-Semaine-93,82,0
6410637-64_A_50_6401_15:15-SETP2025-64-Semaine-37,64,0
6018937-55_R_98_5502_16:00-PROJET2025-55-Semaine-08,55,1
6416034-21_R_99_2102_14:30-SETP2025-21-Semaine-40,21,
6429229-15_A_50_1507_16:06-SETP2025-15-Semaine-11,15,0
6005388-B_A_50_VTB01_14:30-JANV2025-B-Semaine-03,B,0
6416069-21_R_99_2103_15:26-SETP2025-21-Semaine-40,21,1
6368889-09_R_98_0906_14:40-PROJET2025-09-Semaine-35,09,
6402549-32_R_97_3202_15:32-SETP2025-32-Semaine-34,32,1
6412289-71_R_99_7101_14:36-PROJET2025-71-Semaine-80,71,1
6416036-21_R_99_2104_15:54-SETP2025-21-Semaine-40,21,1
6472708-50_R_99_5002_14:36-PROJET2025-50-Semaine-08,50,
6365965-20_A_50_2006_16:25-SETP2025-20-Semaine-42,20,0
6420780-81_R_98_8102_16:34-SETP2025-81-Semaine-40,81,1
6446555-05_R_50_0501_15:27-SETP2025-05-L-Ma-J-V-38,05,1
6428294-60_A_50_6002_15:30-PROJET2025-60-Semaine-08,chouette:Line:4a8dc505-72e7-4b72-b186-a5b46e94fb82:LOC,0
6414314-07_A_49_0710_15:02-SETP2025-07-L-Ma-J-V-41,07,0
6412280-71_A_50_7101_14:20-PROJET2025-71-Semaine-80,71,0
6252444-11_R_97_1107_14:25-SETP2025-11-Semaine-37,11,
6369697-30_A_50_3003_14:47-SETP2025-30-Semaine-32,30,0
4542758-44_R_99_4401_16:13-RESEAU2023-44-Semaine-89,44,1
6412108-37_R_99_3702_14:52-SETP2025-37-Semaine-37,37,1
6416005-21_A_50_2101_14:05-SETP2025-21-Semaine-40,21,
5341001-72_R_98_7201_15:55-PROJET2024-72-Semaine-74,72,1
5925305-54_R_99_5402_16:17-PROJET2025-54-Semaine-17,54,1
6446582-05_R_50_0508_16:01-SETP2025-05-L-Ma-J-V-38,05,1
5408570-82_A_50_8201_14:05-PROJET2024-82-Semaine-93,82,
6414316-07_A_49_0706_15:19-SETP2025-07-L-Ma-J-V-41,07,0
6416360-51_A_49_5105_14:18-PROJET2025-51-Semaine-10,51,
6452927-T1_R_57_VT112_14:06-SETP2025-L1-Semaine-04,L1,1
6419998-35_A_50_3502_14:44-SETP2025-35-Semaine-35,35,0
6428295-60_A_50_6001_16:10-PROJET2025-60-Semaine-08,chouette:Line:4a8dc505-72e7-4b72-b186-a5b46e94fb82:LOC,0
6402546-32_A_48_3202_15:59-SETP2025-32-Semaine-34,32,0
6416472-33_R_99_3301_14:12-SETP2025-33-L-Ma-J-V-36,33,
6446549-05_A_98_0507_14:51-SETP2025-05-L-Ma-J-V-38,05,0
5925322-54_A_50_5402_15:29-PROJET2025-54-Semaine-17,54,0
6355841-18_A_50_1801_16:21-SETP2025-18-Semaine-39,18,0
6402548-32_A_48_3202_15:47-SETP2025-32-Semaine-34,32,0
6416087-21_A_50_2103_14:33-SETP2025-21-Semaine-40,21,
6218553-84_R_99_8402_16:01-PROJET2025-84-Semaine-04,84,1
6252501-11_A_49_1102_16:22-SETP2025-11-Semaine-37,11,0
5838898-22_A_45_2204_16:20-PROJET2025-22-Semaine-20,22,0
6257330-59_A_45_5902_16:26-PROJET2025-59-Semaine-26,59,0
6403281-36_A_49_3603_16:45-SETP2025-36-Semaine-33,36,0
5097941-69_A_40_6901_19:15-PROJET2023-69-Semaine-15,69,0
6005354-B_A_50_VTB03_14:59-JANV2025-B-Semaine-03,B,0
6410645-64_A_50_6403_16:15-SETP2025-64-Semaine-37,64,0
6402535-32_R_97_3202_16:00-SETP2025-32-Semaine-34,32,1
6420775-81_R_98_8103_14:30-SETP2025-81-Semaine-40,81,1
6252486-11_A_50_1101_14:00-SETP2025-11-Semaine-37,11,
6424138-16_R_97_1604_14:16-SETP2025-16-Semaine-35,16,
6416315-51_R_98_5105_14:51-PROJET2025-51-Semaine-10,51,1
6402562-32_A_48_3201_16:11-SETP2025-32-Semaine-34,32,0
6416008-21_A_50_2101_16:26-SETP2025-21-Semaine-40,21,0
6368806-09_R_99_0906_16:25-PROJET2025-09-Semaine-35,09,1
6452870-T1_A_12_VT101_14:09-SETP2025-L1-Semaine-04,L1,0
6218524-84_A_50_8402_16:50-PROJET2025-84-Semaine-04,84,0
6369762-42_R_94_4201_17:17-PROJET2025-42-Semaine-83,42,1
6409593-57_A_50_5713_14:54-SETP2025-57-Semaine-06,57,
6368777-09_A_50_0904_15:02-PROJET2025-09-Semaine-35,09,0
6411420-70_R_99_7001_15:30-SETP2025-70-Semaine-35,70,1
5838484-52_R_5_5201_14:55-PROJET2025-52-Semaine-20,52,
6410641-64_R_99_6402_16:34-SETP2025-64-Semaine-37,64,1
6365959-20_R_99_2003_15:35-SETP2025-20-Semaine-42,20,1
6414321-07_A_49_0709_16:00-SETP2025-07-L-Ma-J-V-41,07,0
6366075-20_R_99_2007_16:14-SETP2025-20-Semaine-42,20,1
6416035-21_R_99_2101_14:58-SETP2025-21-Semaine-40,21,1
6327195-17_R_99_1707_15:20-SETP2025-17-L-Ma-J-V-35,17,1
6420779-81_R_98_8101_16:05-SETP2025-81-Semaine-40,81,1
6403276-36_A_49_3604_16:12-SETP2025-36-Semaine-33,36,0
6414310-07_R_97_0710_15:56-SETP2025-07-L-Ma-J-V-41,07,1
6412282-71_R_99_7102_14:16-PROJET2025-71-Semaine-80,71,1
6105153-76_R_97_7602_18:55-PROJET2025-76-Semaine-89,76,1
6414294-07_A_49_0704_14:54-SETP2025-07-L-Ma-J-V-41,07,0
6257343-59_A_45_5904_14:50-PROJET2025-59-Semaine-26,59,0
6412110-37_R_99_3702_15:58-SETP2025-37-Semaine-37,37,1
6416305-51_A_49_5104_14:53-PROJET2025-51-Semaine-10,51,0
6413118-38_A_50_3801_15:55-SETP2025-38-Semaine-41,38,0
6409589-57_A_50_5714_14:00-SETP2025-57-Semaine-06,57,
6409637-57_R_99_5705_15:53-SETP2025-57-Semaine-06,57,1
6462532-31_R_97_3102_15:02-PROJET2025-31-Semaine-08,31,1
6402558-32_R_97_3201_16:26-SETP2025-32-Semaine-34,32,1
6252499-11_R_97_1103_15:49-SETP2025-11-Semaine-37,11,1
6252447-11_R_98_1108_15:01-SETP2025-11-Semaine-37,11,1
6355918-18_R_99_1808_15:58-SETP2025-18-Semaine-39,18,1
6414318-07_A_49_0708_15:35-SETP2025-07-L-Ma-J-V-41,07,0
6218534-84_A_46_8402_13:50-PROJET2025-84-Semaine-04,84,
6416442-33_A_50_3305_16:10-SETP2025-33-L-Ma-J-V-36,33,0
6428099-98_A_50_9806_14:10-SETP2025-98-Semaine-08,98,0
6412273-71_R_99_7101_12:27-PROJET2025-71-Semaine-80,71,1
6420746-81_A_49_8103_16:15-SETP2025-81-Semaine-40,81,0
6420102-85_A_48_8501_16:25-PROJET2025-85-Semaine-06-1101100,85,0
6140097-41_R_98_4102_16:04-PROJET2025-41-Semaine-05,41,1
6428457-61_R_99_6102_15:20-PROJET2025-61-Semaine-24,61,1
6409639-57_R_99_5709_16:18-SETP2025-57-Semaine-06,57,1
6252945-14_A_50_1406_14:45-SETP2025-14-L-Ma-J-V-38,14,0
4669814-62_R_98_6206_14:20-RESEAU2023-62-Semaine-17,62,
4669800-62_A_48_6201_15:20-RESEAU2023-62-Semaine-17,62,0
6424173-16_A_46_1601_14:55-SETP2025-16-Semaine-35,16,0
6252491-11_A_49_1106_14:34-SETP2025-11-Semaine-37,11,
6218523-84_A_50_8401_15:55-PROJET2025-84-Semaine-04,84,0
6416488-33_A_50_3304_14:24-SETP2025-33-L-Ma-J-V-36,33,
6429259-15_A_50_1504_13:54-SETP2025-15-Semaine-11,15,
6452748-T1_A_12_VT110_14:43-SETP2025-L1-Semaine-04,L1,0
6170720-L3_A_48__14:53-JANV2025-L3-Semaine-09,L3,0
4603462-83_R_1_8301_17:55-RESEAU2023-83-Semaine-03,83,1
4603454-83_R_1_8301_14:25-RESEAU2023-83-Semaine-03,83,
6429239-15_R_99_1504_14:40-SETP2025-15-Semaine-11,15,
6428296-60_R_99_6003_16:20-PROJET2025-60-Semaine-08,chouette:Line:4a8dc505-72e7-4b72-b186-a5b46e94fb82:LOC,1
6253022-14_A_50_1406_16:02-SETP2025-14-L-Ma-J-V-38,14,0
5838472-52_A_6_5201_16:00-PROJET2025-52-Semaine-20,52,0
6402534-32_R_97_3201_15:47-SETP2025-32-Semaine-34,32,1
6414317-07_A_49_0711_15:27-SETP2025-07-L-Ma-J-V-41,07,0
5673220-NVN1_R_98_NVN102_15:15-PROJET2024-NVence1-Semaine-15,NVN1,1
5925313-54_R_98_5402_14:44-PROJET2025-54-Semaine-17,54,
4669807-62_A_46_6204_16:15-RESEAU2023-62-Semaine-17,62,0
6252500-11_A_49_1106_16:10-SETP2025-11-Semaine-37,11,0
4669801-62_A_48_6203_14:20-RESEAU2023-62-Semaine-17,62,
5838878-22_A_45_2207_15:30-PROJET2025-22-Semaine-20,22,0
6402551-32_R_97_3201_15:17-SETP2025-32-Semaine-34,32,1
6424141-16_R_96_1601_15:32-SETP2025-16-Semaine-35,16,1
6402543-32_A_48_3201_15:04-SETP2025-32-Semaine-34,32,0
6252490-11_A_50_1105_14:24-SETP2025-11-Semaine-37,11,
6416441-33_A_50_3304_15:52-SETP2025-33-L-Ma-J-V-36,33,0
6368823-09_A_49_0906_15:30-PROJET2025-09-Semaine-35,09,0
6170731-L3_R_97__14:31-JANV2025-L3-Semaine-09,L3,1
6170410-L2_A_49__14:27-JANV2025-L2-Semaine-09,L2,0
6365953-20_R_99_2003_14:17-SETP2025-20-Semaine-42,20,
5673218-NVN1_R_98_NVN102_14:15-PROJET2024-NVence1-Semaine-15,NVN1,
6420020-35_R_99_3501_16:57-SETP2025-35-Semaine-35,35,1
6102462-63_R_98_6301_14:40-PROJET2025-63-Semaine-72-1101100,63,
6365961-20_A_50_2006_15:07-SETP2025-20-Semaine-42,20,0
6428293-60_R_99_6002_15:00-PROJET2025-60-Semaine-08,chouette:Line:4a8dc505-72e7-4b72-b186-a5b46e94fb82:LOC,1
6355837-18_A_50_1804_15:07-SETP2025-18-Semaine-39,18,0
6252528-11_R_98_1102_15:37-SETP2025-11-Semaine-37,11,1
6409626-57_A_50_5714_16:18-SETP2025-57-Semaine-06,57,0
6365974-20_A_50_2003_14:54-SETP2025-20-Semaine-42,20,0
6412129-37_A_50_3701_14:54-SETP2025-37-Semaine-37,37,0
5673219-NVN1_A_48_NVN102_14:45-PROJET2024-NVence1-Semaine-15,NVN1,0
6170652-L3_A_48__14:30-JANV2025-L3-Semaine-09,L3,0
5203706-68_A_50_6803_14:40-PROJET2024-68-Semaine-15,68,0
6102505-63_A_48_6305_16:30-PROJET2025-63-Semaine-72-1101100,63,0
5097932-69_A_45_6901_17:40-PROJET2023-69-Semaine-15,69,0
6422642-99_A_50_9901_14:30-SETP2025-99-Semaine-11,99,0
6018961-55_R_98_5502_14:35-PROJET2025-55-Semaine-08,55,
6412109-37_R_99_3701_15:25-SETP2025-37-Semaine-37,37,1
6410635-64_R_99_6401_14:30-SETP2025-64-Semaine-37,64,
6420741-81_A_49_8101_14:25-SETP2025-81-Semaine-40,81,0
6422647-99_A_50_9902_15:50-SETP2025-99-Semaine-11,99,0
6424139-16_R_96_1601_14:38-SETP2025-16-Semaine-35,16,1
6409619-57_R_99_5703_14:40-SETP2025-57-Semaine-06,57,
6429282-15_A_50_1503_15:06-SETP2025-15-Semaine-11,15,0
6368830-09_A_49_0901_14:30-PROJET2025-09-Semaine-35,09,
4523356-88_R_98_8801_18:35-RESEAU2023-88-Semaine-83-1101100,88,1
6472664-50_A_50_5001_14:24-PROJET2025-50-Semaine-08,50,
6365960-20_R_99_2006_14:30-SETP2025-20-Semaine-42,20,
6409591-57_A_50_5711_14:30-SETP2025-57-Semaine-06,57,
6446574-05_A_99_0505_16:12-SETP2025-05-L-Ma-J-V-38,05,0
6429325-15_R_99_1508_14:28-SETP2025-15-Semaine-11,15,
6102460-63_R_98_6305_14:00-PROJET2025-63-Semaine-72-1101100,63,
4759151-47_R_99_4702_16:17-PROJET2023-47-Semaine-10,47,1
6252451-11_R_98_1104_16:13-SETP2025-11-Semaine-37,11,1
6462533-31_A_47_3101_15:02-PROJET2025-31-Semaine-08,31,0
6412131-37_A_50_3701_16:00-SETP2025-37-Semaine-37,37,0
4669805-62_R_98_6203_15:20-RESEAU2023-62-Semaine-17,62,1
4350571-40_R_99_4001_16:48-RESEAU2023-40-Semaine-04,40,1
6414322-07_A_49_0701_16:09-SETP2025-07-L-Ma-J-V-41,07,0
4542756-44_R_99_4401_15:18-RESEAU2023-44-Semaine-89,44,1
6257344-59_R_96_5902_15:20-PROJET2025-59-Semaine-26,59,1
6170726-L3_A_48__14:45-JANV2025-L3-Semaine-09,L3,0
4759141-47_A_50_4701_16:15-PROJET2023-47-Semaine-10,47,0
6414787-34_R_22_3401_15:22-PROJET2025-34-L-Ma-J-V-20,34,1
6429281-15_A_50_1506_16:30-SETP2025-15-Semaine-11,15,0
6452647-T1_R_57_VT118_14:30-SETP2025-L1-Semaine-04,L1,1
6428445-61_A_50_6102_14:30-PROJET2025-61-Semaine-24,61,
6428100-98_A_50_9805_14:27-SETP2025-98-Semaine-08,98,0
6218535-84_A_46_8402_15:20-PROJET2025-84-Semaine-04,84,0
6102464-63_R_98_6304_15:20-PROJET2025-63-Semaine-72-1101100,63,1
6428447-61_A_50_6105_14:10-PROJET2025-61-Semaine-24,61,
6409590-57_A_50_5706_14:15-SETP2025-57-Semaine-06,57,
6412277-71_A_50_7101_13:40-PROJET2025-71-Semaine-80,71,0
6411422-70_R_99_7001_16:30-SETP2025-70-Semaine-35,70,1
6416037-21_R_99_2105_16:18-SETP2025-21-Semaine-40,21,1
5909234-NVN3_A_90_NVN301_16:15-PROJET2025-NVence3-Semaine-12,NVN3,0
6261676-73_A_1_7301_16:05-PROJET2025-73-Semaine-16,73,0
6411419-70_R_99_7002_15:00-SETP2025-70-Semaine-35,70,1
6403261-36_R_99_3604_14:38-SETP2025-36-Semaine-33,36,
6428322-60_A_50_6001_15:10-PROJET2025-60-Semaine-08,chouette:Line:4a8dc505-72e7-4b72-b186-a5b46e94fb82:LOC,0
6365952-20_R_99_2002_16:01-SETP2025-20-Semaine-42,20,1
6422648-99_A_50_9901_16:06-SETP2025-99-Semaine-11,99,0
6452871-T1_A_12_VT104_14:19-SETP2025-L1-Semaine-04,L1,0
5759393-NVN2_A_50_NVN201_16:20-PROJET2024-NVence2-Semaine-12,NVN2,0
6412107-37_R_99_3701_14:19-SETP2025-37-Semaine-37,37,
6414263-07_A_49_0709_14:30-SETP2025-07-L-Ma-J-V-41,07,
6420744-81_A_49_8101_15:35-SETP2025-81-Semaine-40,81,0
6369772-42_A_5_4203_14:00-PROJET2025-42-Semaine-83,42,
5838894-22_R_95_2207_18:10-PROJET2025-22-Semaine-20,22,1
5097926-69_R_95_6901_17:05-PROJET2023-69-Semaine-15,69,1
6446563-05_A_99_0501_15:54-SETP2025-05-L-Ma-J-V-38,05,0
6424140-16_R_97_1602_14:43-SETP2025-16-Semaine-35,16,
6416313-51_A_49_5105_15:29-PROJET2025-51-Semaine-10,51,0
6428444-61_R_99_6103_14:40-PROJET2025-61-Semaine-24,61,
6327223-17_R_99_1705_14:28-SETP2025-17-L-Ma-J-V-35,17,
6005524-B_R_99_VTB03_14:36-JANV2025-B-Semaine-03,B,1
4542755-44_R_99_4401_14:48-RESEAU2023-44-Semaine-89,44,1
6018943-55_A_48_5502_16:49-PROJET2025-55-Semaine-08,55,0
6416439-33_A_50_3301_15:00-SETP2025-33-L-Ma-J-V-36,33,0
6102504-63_A_48_6304_16:05-PROJET2025-63-Semaine-72-1101100,63,0
5422159-75_R_97_7501_18:59-PROJET2024-75-Semaine-86-1101100,75,1
6416357-51_R_99_5101_15:50-PROJET2025-51-Semaine-10,51,1
6413109-38_A_50_3805_15:32-SETP2025-38-Semaine-41,38,0
6403293-36_R_99_3603_15:09-SETP2025-36-Semaine-33,36,1
6413111-38_A_50_3805_14:24-SETP2025-38-Semaine-41,38,
6420124-85_R_94_8501_14:35-PROJET2025-85-Semaine-06-1101100,85,
6261686-73_A_1_7302_16:56-PROJET2025-73-Semaine-16,73,0
5925335-54_A_47_5401_18:13-PROJET2025-54-Semaine-17,54,0
5673242-NVN1_A_48_NVN101_15:15-PROJET2024-NVence1-Semaine-15,NVN1,0
6452656-T1_R_57_VT115_14:18-SETP2025-L1-Semaine-04,L1,1
6327136-17_A_50_1703_14:56-SETP2025-17-L-Ma-J-V-35,17,0
5341000-72_R_98_7201_15:25-PROJET2024-72-Semaine-74,72,1
6369700-30_R_99_3003_14:14-SETP2025-30-Semaine-32,30,
5838876-22_A_45_2204_14:30-PROJET2025-22-Semaine-20,22,
5408563-82_R_99_8203_18:00-PROJET2024-82-Semaine-93,82,1
6412112-37_R_99_3702_17:16-SETP2025-37-Semaine-37,37,1
6429328-15_A_50_1507_14:30-SETP2025-15-Semaine-11,15,
6429213-15_R_99_1505_14:52-SETP2025-15-Semaine-11,15,1
6412284-71_A_50_7102_14:40-PROJET2025-71-Semaine-80,71,0
6409624-57_A_50_5703_15:54-SETP2025-57-Semaine-06,57,0
5422158-75_R_97_7501_17:45-PROJET2024-75-Semaine-86-1101100,75,1
6170684-L3_R_97__14:01-JANV2025-L3-Semaine-09,L3,1
5838470-52_A_6_5201_14:00-PROJET2025-52-Semaine-20,52,
6416475-33_R_99_3304_15:06-SETP2025-33-L-Ma-J-V-36,33,1
6077772-58_A_50_5802_14:20-PROJET2025-58-Semaine-06,58,
6355800-18_R_99_1805_16:28-SETP2025-18-Semaine-39,18,1
6419997-35_R_98_3504_14:12-SETP2025-35-Semaine-35,35,
4542701-44_A_50_4401_16:20-RESEAU2023-44-Semaine-89,44,0
6327220-17_R_99_1703_15:33-SETP2025-17-L-Ma-J-V-35,17,1
6462531-31_A_47_3102_14:37-PROJET2025-31-Semaine-08,31,
6369703-30_A_50_3003_15:52-SETP2025-30-Semaine-32,30,0
6261680-73_A_1_7301_14:26-PROJET2025-73-Semaine-16,73,
6355799-18_R_99_1804_16:13-SETP2025-18-Semaine-39,18,1
5408575-82_R_99_8201_17:20-PROJET2024-82-Semaine-93,82,1
6402544-32_A_48_3202_16:23-SETP2025-32-Semaine-34,32,0
6424103-16_A_50_1602_15:09-SETP2025-16-Semaine-35,16,0
5422169-75_A_49_7501_14:35-PROJET2024-75-Semaine-86-1101100,75,
6412285-71_R_99_7102_15:38-PROJET2025-71-Semaine-80,71,1
6368869-09_R_99_0907_14:25-PROJET2025-09-Semaine-35,09,
6446583-05_R_49_0509_15:49-SETP2025-05-L-Ma-J-V-38,05,1
5422156-75_R_97_7501_15:05-PROJET2024-75-Semaine-86-1101100,75,1
4669740-62_R_99_6203_18:30-RESEAU2023-62-Semaine-17,62,1
6365956-20_R_99_2007_14:56-SETP2025-20-Semaine-42,20,1
4542751-44_R_99_4401_15:33-RESEAU2023-44-Semaine-89,44,1
6420745-81_A_49_8102_16:05-SETP2025-81-Semaine-40,81,0
6429240-15_R_99_1508_16:04-SETP2025-15-Semaine-11,15,1
6261665-73_R_95_7301_16:58-PROJET2025-73-Semaine-16,73,1
6403264-36_R_99_3604_16:45-SETP2025-36-Semaine-33,36,1
6420111-85_R_95_8501_15:55-PROJET2025-85-Semaine-06-1101100,85,1
6446509-05_A_99_0503_14:27-SETP2025-05-L-Ma-J-V-38,05,
6253092-14_A_50_1403_14:34-SETP2025-14-L-Ma-J-V-38,14,
6170441-L2_A_49__14:42-JANV2025-L2-Semaine-09,L2,0
6257297-59_R_98_5901_14:08-PROJET2025-59-Semaine-26,59,1
5838901-22_A_45_2207_17:10-PROJET2025-22-Semaine-20,22,0
5925344-54_R_98_5403_16:51-PROJET2025-54-Semaine-17,54,1
6416477-33_R_99_3301_15:41-SETP2025-33-L-Ma-J-V-36,33,1
6369702-30_A_50_3002_15:30-SETP2025-30-Semaine-32,30,0
6369701-30_A_50_3001_15:08-SETP2025-30-Semaine-32,30,0
4542696-44_A_50_4401_14:55-RESEAU2023-44-Semaine-89,44,0
6327138-17_A_50_1701_15:35-SETP2025-17-L-Ma-J-V-35,17,0
6102502-63_A_48_6302_15:10-PROJET2025-63-Semaine-72-1101100,63,0
6416473-33_R_99_3303_14:30-SETP2025-33-L-Ma-J-V-36,33,
4669813-62_R_98_6202_16:23-RESEAU2023-62-Semaine-17,62,1
6446552-05_A_99_0508_15:18-SETP2025-05-L-Ma-J-V-38,05,0
5408561-82_R_99_8202_14:20-PROJET2024-82-Semaine-93,82,1
4669798-62_A_48_6204_14:40-RESEAU2023-62-Semaine-17,62,0
6368805-09_R_98_0904_16:10-PROJET2025-09-Semaine-35,09,1
4350594-40_R_99_4001_15:40-RESEAU2023-40-Semaine-04,40,1
6409686-57_A_50_5712_15:42-SETP2025-57-Semaine-06,57,0
6253061-14_A_50_1404_15:18-SETP2025-14-L-Ma-J-V-38,14,0
5925336-54_A_50_5402_18:50-PROJET2025-54-Semaine-17,54,0
6366087-20_R_99_2006_15:48-SETP2025-20-Semaine-42,20,1
6403282-36_A_49_3603_15:40-SETP2025-36-Semaine-33,36,0
4669815-62_R_99_6206_15:50-RESEAU2023-62-Semaine-17,62,1
6369769-42_A_6_4203_15:45-PROJET2025-42-Semaine-83,42,0
6424143-16_R_97_1602_15:39-SETP2025-16-Semaine-35,16,1
6102503-63_A_48_6301_15:35-PROJET2025-63-Semaine-72-1101100,63,0
6355838-18_A_50_1805_15:24-SETP2025-18-Semaine-39,18,0
6368850-09_A_50_0903_14:05-PROJET2025-09-Semaine-35,09,
6105156-76_R_98_7602_15:48-PROJET2025-76-Semaine-89,76,1
6365970-20_R_99_2001_15:22-SETP2025-20-Semaine-42,20,1
5673241-NVN1_R_98_NVN101_14:45-PROJET2024-NVence1-Semaine-15,NVN1,1
6452646-T1_R_57_VT122_14:46-SETP2025-L1-Semaine-04,L1,1
6365954-20_R_99_2005_15:09-SETP2025-20-Semaine-42,20,1
6018960-55_A_48_5502_15:15-PROJET2025-55-Semaine-08,55,0
6414305-07_R_97_0703_15:16-SETP2025-07-L-Ma-J-V-41,07,1
6368807-09_R_99_0903_16:55-PROJET2025-09-Semaine-35,09,1
6424144-16_R_97_1601_16:22-SETP2025-16-Semaine-35,16,1
6424171-16_A_46_1603_14:27-SETP2025-16-Semaine-35,16,
6368829-09_A_49_0902_15:00-PROJET2025-09-Semaine-35,09,0
6428321-60_R_99_6001_14:40-PROJET2025-60-Semaine-08,chouette:Line:4a8dc505-72e7-4b72-b186-a5b46e94fb82:LOC,
6369758-42_R_95_4203_14:46-PROJET2025-42-Semaine-83,42,1
6253071-14_R_99_1402_14:47-SETP2025-14-L-Ma-J-V-38,14,
6428351-60_R_99_6001_15:40-PROJET2025-60-Semaine-08,chouette:Line:4a8dc505-72e7-4b72-b186-a5b46e94fb82:LOC,1
6252495-11_A_50_1104_15:24-SETP2025-11-Semaine-37,11,0
6462558-31_R_97_3102_15:52-PROJET2025-31-Semaine-08,31,1
6416507-33_R_99_3304_16:34-SETP2025-33-L-Ma-J-V-36,33,1
6462560-31_R_97_3101_15:27-PROJET2025-31-Semaine-08,31,1
6424161-16_R_97_1603_15:55-SETP2025-16-Semaine-35,16,1
6411421-70_R_99_7002_16:00-SETP2025-70-Semaine-35,70,1
6077794-58_A_49_5801_16:30-PROJET2025-58-Semaine-06,58,0
6424160-16_R_96_1603_15:05-SETP2025-16-Semaine-35,16,1
5422172-75_A_49_7501_18:32-PROJET2024-75-Semaine-86-1101100,75,0
6368814-09_A_49_0905_14:02-PROJET2025-09-Semaine-35,09,
5408581-82_A_50_8202_17:45-PROJET2024-82-Semaine-93,82,0
6218522-84_A_50_8403_14:55-PROJET2025-84-Semaine-04,84,0
6416491-33_R_99_3303_15:58-SETP2025-33-L-Ma-J-V-36,33,1
6005380-B_A_50_VTB03_14:20-JANV2025-B-Semaine-03,B,0
6102467-63_R_98_6301_16:25-PROJET2025-63-Semaine-72-1101100,63,1
4515174-80_R_95_8001_14:38-RESEAU2023-80-Semaine-94,80,
6416515-33_R_97_33S2_16:05-SETP2025-33-L-Ma-J-V-36,33,1
6412276-71_R_99_7101_13:56-PROJET2025-71-Semaine-80,71,1
6420017-35_A_50_3502_16:56-SETP2025-35-Semaine-35,35,0
6428106-98_A_50_9802_16:26-SETP2025-98-Semaine-08,98,0
6369771-42_A_5_4201_14:38-PROJET2025-42-Semaine-83,42,
6452744-T1_A_12_VT121_13:58-SETP2025-L1-Semaine-04,L1,0
6170678-L3_A_48__13:59-JANV2025-L3-Semaine-09,L3,0
6077774-58_A_50_5802_15:38-PROJET2025-58-Semaine-06,58,0
6218562-84_R_95_8401_14:56-PROJET2025-84-Semaine-04,84,1
6414286-07_R_97_0707_14:11-SETP2025-07-L-Ma-J-V-41,07,
4523346-88_A_49_8801_15:40-RESEAU2023-88-Semaine-83-1101100,88,
6420123-85_A_47_8501_14:55-PROJET2025-85-Semaine-06-1101100,85,0
6257284-59_R_98_5904_15:44-PROJET2025-59-Semaine-26,59,1
4669818-62_R_99_6204_17:10-RESEAU2023-62-Semaine-17,62,1
6472686-50_R_99_5003_14:12-PROJET2025-50-Semaine-08,50,
6327219-17_R_99_1704_14:41-SETP2025-17-L-Ma-J-V-35,17,
6102465-63_R_98_6305_15:40-PROJET2025-63-Semaine-72-1101100,63,1
5925331-54_A_47_5403_16:05-PROJET2025-54-Semaine-17,54,0
6005368-B_A_50_VTB02_14:50-JANV2025-B-Semaine-03,B,0
6452657-T1_R_57_VT113_14:10-SETP2025-L1-Semaine-04,L1,1
6416089-21_R_99_2104_14:02-SETP2025-21-Semaine-40,21,
6253021-14_A_50_1405_14:23-SETP2025-14-L-Ma-J-V-38,14,
6252946-14_A_50_1407_16:14-SETP2025-14-L-Ma-J-V-38,14,0
6424174-16_A_50_1602_16:14-SETP2025-16-Semaine-35,16,0
6428102-98_A_50_9806_15:01-SETP2025-98-Semaine-08,98,0
4542695-44_A_50_4401_14:40-RESEAU2023-44-Semaine-89,44,
6261687-73_R_95_7301_18:46-PROJET2025-73-Semaine-16,73,1
6410647-64_R_99_6401_16:03-SETP2025-64-Semaine-37,64,1
6409595-57_A_50_5710_15:18-SETP2025-57-Semaine-06,57,0
6355798-18_R_99_1807_15:43-SETP2025-18-Semaine-39,18,1
5408554-82_A_50_8203_14:50-PROJET2024-82-Semaine-93,82,0
5097939-69_R_90_6901_18:20-PROJET2023-69-Semaine-15,69,1
6429247-15_A_50_1505_14:06-SETP2025-15-Semaine-11,15,
4603457-83_R_1_8301_15:35-RESEAU2023-83-Semaine-03,83,1
6414261-07_A_49_0705_14:14-SETP2025-07-L-Ma-J-V-41,07,
6403294-36_A_49_3604_15:09-SETP2025-36-Semaine-33,36,0
6252494-11_A_50_1107_15:12-SETP2025-11-Semaine-37,11,0
6355835-18_A_50_1801_14:33-SETP2025-18-Semaine-39,18,0
5673243-NVN1_R_98_NVN101_15:50-PROJET2024-NVence1-Semaine-15,NVN1,1
6170357-L2_R_98__14:49-JANV2025-L2-Semaine-09,L2,1
6452984-T1_A_12_VT122_14:02-SETP2025-L1-Semaine-04,L1,0
6402545-32_R_97_3202_14:31-SETP2025-32-Semaine-34,32,
6368779-09_A_50_0905_16:02-PROJET2025-09-Semaine-35,09,0
6420121-85_A_47_8501_15:35-PROJET2025-85-Semaine-06-1101100,85,0
4523347-88_A_49_8801_17:40-RESEAU2023-88-Semaine-83-1101100,88,0
6327207-17_R_99_1701_16:17-SETP2025-17-L-Ma-J-V-35,17,1
6452985-T1_R_57_VT121_14:42-SETP2025-L1-Semaine-04,L1,1
4515183-80_A_49_8001_15:11-RESEAU2023-80-Semaine-94,80,0
6355836-18_A_50_1807_14:50-SETP2025-18-Semaine-39,18,0
6414323-07_A_49_0704_16:26-SETP2025-07-L-Ma-J-V-41,07,0
6368798-09_A_49_0908_16:30-PROJET2025-09-Semaine-35,09,0
6424105-16_A_50_1604_15:37-SETP2025-16-Semaine-35,16,0
6414308-07_R_97_0707_15:39-SETP2025-07-L-Ma-J-V-41,07,1
6253010-14_R_99_1403_15:09-SETP2025-14-L-Ma-J-V-38,14,1
6409618-57_R_99_5712_14:25-SETP2025-57-Semaine-06,57,
6253080-14_A_50_1405_15:40-SETP2025-14-L-Ma-J-V-38,14,0
6414304-07_R_97_0705_15:08-SETP2025-07-L-Ma-J-V-41,07,1
6409594-57_A_50_5709_15:06-SETP2025-57-Semaine-06,57,0
6429324-15_R_99_1502_13:53-SETP2025-15-Semaine-11,15,
6140093-41_R_99_4102_17:16-PROJET2025-41-Semaine-05,41,1
6416443-33_A_50_3301_16:28-SETP2025-33-L-Ma-J-V-36,33,0
6409623-57_A_50_5701_15:30-SETP2025-57-Semaine-06,57,0
6368789-09_R_99_0902_15:55-PROJET2025-09-Semaine-35,09,1
6140120-41_A_6_4102_15:29-PROJET2025-41-Semaine-05,41,0
6170644-L3_R_97__14:23-JANV2025-L3-Semaine-09,L3,1
4523348-88_A_49_8801_19:30-RESEAU2023-88-Semaine-83-1101100,88,0
6369709-30_A_50_3001_16:16-SETP2025-30-Semaine-32,30,0
6403263-36_R_99_3603_16:12-SETP2025-36-Semaine-33,36,1
6355797-18_R_99_1801_15:28-SETP2025-18-Semaine-39,18,1
6472667-50_R_99_5001_16:08-PROJET2025-50-Semaine-08,50,1
6428449-61_A_50_6101_15:10-PROJET2025-61-Semaine-24,61,0
6446567-05_A_99_0503_15:36-SETP2025-05-L-Ma-J-V-38,05,0
4603455-83_R_2_8302_15:05-RESEAU2023-83-Semaine-03,83,1
6327143-17_A_50_1707_16:01-SETP2025-17-L-Ma-J-V-35,17,0
6446565-05_A_98_0506_15:45-SETP2025-05-L-Ma-J-V-38,05,0
6252448-11_R_97_1105_15:13-SETP2025-11-Semaine-37,11,1
5340969-72_A_50_7201_14:55-PROJET2024-72-Semaine-74,72,0
5408584-82_A_50_8202_15:35-PROJET2024-82-Semaine-93,82,0
6412275-71_R_99_7101_13:16-PROJET2025-71-Semaine-80,71,1
6446553-05_A_99_0505_15:00-SETP2025-05-L-Ma-J-V-38,05,0
6402542-32_A_48_3201_15:34-SETP2025-32-Semaine-34,32,0
6252979-14_A_50_1408_15:07-SETP2025-14-L-Ma-J-V-38,14,0
6368788-09_R_99_0901_15:25-PROJET2025-09-Semaine-35,09,1
6424104-16_A_50_1601_15:50-SETP2025-16-Semaine-35,16,0
4542759-44_R_99_4401_16:28-RESEAU2023-44-Semaine-89,44,1
6369696-30_A_50_3002_14:26-SETP2025-30-Semaine-32,30,
6411447-70_A_50_7002_15:30-SETP2025-70-Semaine-35,70,0
4515175-80_R_99_8001_17:45-RESEAU2023-80-Semaine-94,80,1
4542698-44_A_50_4401_15:25-RESEAU2023-44-Semaine-89,44,0
6420008-35_R_99_3503_15:18-SETP2025-35-Semaine-35,35,1
6252492-11_A_50_1102_14:48-SETP2025-11-Semaine-37,11,
6416310-51_R_99_5103_16:23-PROJET2025-51-Semaine-10,51,1
6428454-61_A_50_6105_15:50-PROJET2025-61-Semaine-24,61,0
6409616-57_R_99_5709_13:55-SETP2025-57-Semaine-06,57,
6252452-11_R_97_1101_16:25-SETP2025-11-Semaine-37,11,1
6253180-14_R_99_1404_14:36-SETP2025-14-L-Ma-J-V-38,14,
6416314-51_A_49_5103_15:48-PROJET2025-51-Semaine-10,51,0
4515190-80_R_96_8001_15:52-RESEAU2023-80-Semaine-94,80,1
6355834-18_A_50_1803_14:16-SETP2025-18-Semaine-39,18,
6422646-99_A_50_9901_15:34-SETP2025-99-Semaine-11,99,0
6429285-15_A_50_1506_14:54-SETP2025-15-Semaine-11,15,0
6446520-05_R_50_0501_14:16-SETP2025-05-L-Ma-J-V-38,05,
4350593-40_R_99_4001_15:10-RESEAU2023-40-Semaine-04,40,1
6412286-71_A_50_7102_15:20-PROJET2025-71-Semaine-80,71,0
4603458-83_A_47_8301_16:10-RESEAU2023-83-Semaine-03,83,0
6369706-30_R_99_3003_15:20-SETP2025-30-Semaine-32,30,1
6422644-99_A_50_9901_15:02-SETP2025-99-Semaine-11,99,0
6252498-11_A_50_1105_16:00-SETP2025-11-Semaine-37,11,0
6428105-98_A_50_9805_16:09-SETP2025-98-Semaine-08,98,0
6414296-07_R_97_0711_16:23-SETP2025-07-L-Ma-J-V-41,07,1
6446551-05_A_98_0509_15:09-SETP2025-05-L-Ma-J-V-38,05,0
6420742-81_A_49_8102_14:50-SETP2025-81-Semaine-40,81,0
6413127-38_A_50_3803_16:18-SETP2025-38-Semaine-41,38,0
5759391-NVN2_A_50_NVN201_15:00-PROJET2024-NVence2-Semaine-12,NVN2,0
6446527-05_A_98_0506_14:35-SETP2025-05-L-Ma-J-V-38,05,
4759156-47_R_99_4701_17:20-PROJET2023-47-Semaine-10,47,1
6452811-T1_A_12_VT106_14:27-SETP2025-L1-Semaine-04,L1,0
4669812-62_R_98_6201_14:40-RESEAU2023-62-Semaine-17,62,
6410638-64_R_99_6402_15:01-SETP2025-64-Semaine-37,64,1
6413110-38_R_99_3805_15:01-SETP2025-38-Semaine-41,38,1
6446586-05_R_49_0506_16:27-SETP2025-05-L-Ma-J-V-38,05,1
6170400-L2_R_98__14:12-JANV2025-L2-Semaine-09,L2,1
5838911-22_R_95_2204_17:17-PROJET2025-22-Semaine-20,22,1
6327226-17_R_99_1701_14:54-SETP2025-17-L-Ma-J-V-35,17,1
6414319-07_A_49_0705_15:43-SETP2025-07-L-Ma-J-V-41,07,0
6105168-76_A_48_7602_14:50-PROJET2025-76-Semaine-89,76,
5341002-72_R_98_7201_16:25-PROJET2024-72-Semaine-74,72,1
6413113-38_R_99_3803_14:16-SETP2025-38-Semaine-41,38,
6412297-71_R_99_7101_15:58-PROJET2025-71-Semaine-80,71,1
6428350-60_A_50_6003_15:50-PROJET2025-60-Semaine-08,chouette:Line:4a8dc505-72e7-4b72-b186-a5b46e94fb82:LOC,0
4669802-62_A_48_6202_15:40-RESEAU2023-62-Semaine-17,62,0
6416476-33_R_99_3305_15:24-SETP2025-33-L-Ma-J-V-36,33,1
6257298-59_A_45_5903_15:38-PROJET2025-59-Semaine-26,59,0
6411448-70_A_50_7001_16:00-SETP2025-70-Semaine-35,70,0
6170606-L3_R_97__14:38-JANV2025-L3-Semaine-09,L3,1
6170422-L2_A_49__14:04-JANV2025-L2-Semaine-09,L2,0
6409636-57_R_99_5711_15:40-SETP2025-57-Semaine-06,57,1
4669804-62_R_98_6204_15:40-RESEAU2023-62-Semaine-17,62,1
6416050-21_A_50_2105_15:20-SETP2025-21-Semaine-40,21,0
6416301-51_R_98_5104_15:26-PROJET2025-51-Semaine-10,51,1
6368780-09_A_50_0901_16:31-PROJET2025-09-Semaine-35,09,0
6368778-09_A_50_0907_15:32-PROJET2025-09-Semaine-35,09,0
6472689-50_A_50_5003_15:59-PROJET2025-50-Semaine-08,50,0
6170602-L3_R_97__14:16-JANV2025-L3-Semaine-09,L3,1
6102461-63_R_98_6302_14:20-PROJET2025-63-Semaine-72-1101100,63,
6416413-33_A_50_3302_15:36-SETP2025-33-L-Ma-J-V-36,33,0
6257329-59_R_98_5905_14:56-PROJET2025-59-Semaine-26,59,1
6429301-15_A_50_1505_15:42-SETP2025-15-Semaine-11,15,0
6412130-37_A_50_3702_15:27-SETP2025-37-Semaine-37,37,0
6414287-07_R_97_0704_14:19-SETP2025-07-L-Ma-J-V-41,07,
6252991-14_A_50_1403_15:51-SETP2025-14-L-Ma-J-V-38,14,0
5925304-54_R_99_5403_15:08-PROJET2025-54-Semaine-17,54,1
6472709-50_A_50_5002_15:12-PROJET2025-50-Semaine-08,50,0
6446570-05_A_98_0507_16:03-SETP2025-05-L-Ma-J-V-38,05,0
6416006-21_A_50_2104_14:58-SETP2025-21-Semaine-40,21,0
5340972-72_A_50_7201_16:20-PROJET2024-72-Semaine-74,72,0
6414311-07_R_97_0702_16:05-SETP2025-07-L-Ma-J-V-41,07,1
6410649-64_A_50_6402_15:45-SETP2025-64-Semaine-37,64,0
6424194-16_A_50_1605_16:01-SETP2025-16-Semaine-35,16,0
6428101-98_A_50_9804_14:44-SETP2025-98-Semaine-08,98,0
6429257-15_R_99_1501_15:04-SETP2025-15-Semaine-11,15,1
6429214-15_A_50_1502_16:18-SETP2025-15-Semaine-11,15,0
4759150-47_R_99_4701_15:25-PROJET2023-47-Semaine-10,47,1
6366021-20_A_50_2005_15:46-SETP2025-20-Semaine-42,20,0
4603453-83_A_47_8301_15:00-RESEAU2023-83-Semaine-03,83,0
6218563-84_R_95_8403_15:35-PROJET2025-84-Semaine-04,84,1
6446504-05_R_49_0509_14:38-SETP2025-05-L-Ma-J-V-38,05,1
5925314-54_R_98_5401_15:42-PROJET2025-54-Semaine-17,54,1
6369705-30_R_99_3002_14:58-SETP2025-30-Semaine-32,30,1
6420743-81_A_49_8103_15:10-SETP2025-81-Semaine-40,81,0
6428120-98_A_50_9802_15:35-SETP2025-98-Semaine-08,98,0
6452928-T1_R_57_VT114_14:14-SETP2025-L1-Semaine-04,L1,1
6462530-31_R_97_3101_14:37-PROJET2025-31-Semaine-08,31,1
6140098-41_R_98_4101_15:27-PROJET2025-41-Semaine-05,41,1
6327140-17_A_50_1702_15:48-SETP2025-17-L-Ma-J-V-35,17,0
6402547-32_A_48_3202_14:49-SETP2025-32-Semaine-34,32,0
5838907-22_A_45_2207_19:10-PROJET2025-22-Semaine-20,22,0
6462559-31_A_47_3101_15:52-PROJET2025-31-Semaine-08,31,0
6452810-T1_A_12_VT103_14:15-SETP2025-L1-Semaine-04,L1,0
5673221-NVN1_A_48_NVN102_15:45-PROJET2024-NVence1-Semaine-15,NVN1,0
6327217-17_R_99_1703_14:15-SETP2025-17-L-Ma-J-V-35,17,
6446532-05_A_99_0508_14:11-SETP2025-05-L-Ma-J-V-38,05,
6409640-57_R_99_5710_16:30-SETP2025-57-Semaine-06,57,1
6446590-05_R_50_0503_16:21-SETP2025-05-L-Ma-J-V-38,05,1
6257313-59_A_45_5905_14:02-PROJET2025-59-Semaine-26,59,
6102515-63_A_50_6303_16:10-PROJET2025-63-Semaine-72-1101100,63,0
4669816-62_A_46_6206_15:00-RESEAU2023-62-Semaine-17,62,0
6366019-20_R_99_2002_14:43-SETP2025-20-Semaine-42,20,
6218552-84_R_99_8402_14:31-PROJET2025-84-Semaine-04,84,
6446514-05_R_50_0505_14:33-SETP2025-05-L-Ma-J-V-38,05,
6170730-L3_R_97__14:08-JANV2025-L3-Semaine-09,L3,1
6170469-L2_R_98__14:34-JANV2025-L2-Semaine-09,L2,1
6077775-58_R_98_5802_16:32-PROJET2025-58-Semaine-06,58,1
6412288-71_R_99_7101_15:17-PROJET2025-71-Semaine-80,71,1
6252493-11_A_49_1103_14:58-SETP2025-11-Semaine-37,11,0
6005551-B_R_99_VTB02_14:26-JANV2025-B-Semaine-03,B,1
6414288-07_R_97_0710_14:27-SETP2025-07-L-Ma-J-V-41,07,
6414771-34_R_27_3401_16:24-PROJET2025-34-L-Ma-J-V-20,34,1
